 240 192 
 0.9809978939457917 
 2 4 3 1 
 0.9809978939457917 
 5 7 6 1 
 0.9809978939457917 
 5 9 8 2 
 0.9809978939457917 
 13 15 14 1 
 0.9809978939457917 
 13 17 16 2 
 0.9809978939457917 
 13 22 21 5 
 0.9809978939457917 
 33 35 34 1 
 0.9809978939457917 
 33 37 36 2 
 0.9809978939457917 
 33 42 41 5 
 0.9809978939457917 
 33 54 53 13 
 0.9809978939457917 
 81 83 82 1 
 0.9809978939457917 
 81 85 84 2 
 0.9809978939457917 
 81 90 89 5 
 0.9809978939457917 
 81 102 101 13 
 0.9809978939457917 
 81 130 129 33 
 0.9809978939457917 
 6 11 10 3 
 0.9809978939457917 
 14 19 18 3 
 0.9809978939457917 
 14 24 23 6 
 0.9809978939457917 
 34 39 38 3 
 0.9809978939457917 
 34 44 43 6 
 0.9809978939457917 
 34 56 55 14 
 0.9809978939457917 
 82 87 86 3 
 0.9809978939457917 
 82 92 91 6 
 0.9809978939457917 
 82 104 103 14 
 0.9809978939457917 
 82 132 131 34 
 0.9809978939457917 
 8 12 10 4 
 0.9809978939457917 
 16 20 18 4 
 0.9809978939457917 
 16 27 26 8 
 0.9809978939457917 
 36 40 38 4 
 0.9809978939457917 
 36 47 46 8 
 0.9809978939457917 
 36 59 58 16 
 0.9809978939457917 
 84 88 86 4 
 0.9809978939457917 
 84 95 94 8 
 0.9809978939457917 
 84 107 106 16 
 0.9809978939457917 
 84 135 134 36 
 0.9809978939457917 
 18 30 29 10 
 0.9809978939457917 
 38 50 49 10 
 0.9809978939457917 
 38 62 61 18 
 0.9809978939457917 
 86 98 97 10 
 0.9809978939457917 
 86 110 109 18 
 0.9809978939457917 
 86 138 137 38 
 0.9809978939457917 
 9 12 11 7 
 0.9809978939457917 
 21 25 23 7 
 0.9809978939457917 
 21 28 26 9 
 0.9809978939457917 
 41 45 43 7 
 0.9809978939457917 
 41 48 46 9 
 0.9809978939457917 
 41 66 65 21 
 0.9809978939457917 
 89 93 91 7 
 0.9809978939457917 
 89 96 94 9 
 0.9809978939457917 
 89 114 113 21 
 0.9809978939457917 
 89 142 141 41 
 0.9809978939457917 
 23 31 29 11 
 0.9809978939457917 
 43 51 49 11 
 0.9809978939457917 
 43 69 68 23 
 0.9809978939457917 
 91 99 97 11 
 0.9809978939457917 
 91 117 116 23 
 0.9809978939457917 
 91 145 144 43 
 0.9809978939457917 
 26 32 29 12 
 0.9809978939457917 
 46 52 49 12 
 0.9809978939457917 
 46 73 72 26 
 0.9809978939457917 
 94 100 97 12 
 0.9809978939457917 
 94 121 120 26 
 0.9809978939457917 
 94 149 148 46 
 0.9809978939457917 
 49 77 76 29 
 0.9809978939457917 
 97 125 124 29 
 0.9809978939457917 
 97 153 152 49 
 0.9809978939457917 
 17 20 19 15 
 0.9809978939457917 
 22 25 24 15 
 0.9809978939457917 
 22 28 27 17 
 0.9809978939457917 
 53 57 55 15 
 0.9809978939457917 
 53 60 58 17 
 0.9809978939457917 
 53 67 65 22 
 0.9809978939457917 
 101 105 103 15 
 0.9809978939457917 
 101 108 106 17 
 0.9809978939457917 
 101 115 113 22 
 0.9809978939457917 
 101 158 157 53 
 0.9809978939457917 
 24 31 30 19 
 0.9809978939457917 
 55 63 61 19 
 0.9809978939457917 
 55 70 68 24 
 0.9809978939457917 
 103 111 109 19 
 0.9809978939457917 
 103 118 116 24 
 0.9809978939457917 
 103 161 160 55 
 0.9809978939457917 
 27 32 30 20 
 0.9809978939457917 
 58 64 61 20 
 0.9809978939457917 
 58 74 72 27 
 0.9809978939457917 
 106 112 109 20 
 0.9809978939457917 
 106 122 120 27 
 0.9809978939457917 
 106 165 164 58 
 0.9809978939457917 
 61 78 76 30 
 0.9809978939457917 
 109 126 124 30 
 0.9809978939457917 
 109 169 168 61 
 0.9809978939457917 
 28 32 31 25 
 0.9809978939457917 
 65 71 68 25 
 0.9809978939457917 
 65 75 72 28 
 0.9809978939457917 
 113 119 116 25 
 0.9809978939457917 
 113 123 120 28 
 0.9809978939457917 
 113 174 173 65 
 0.9809978939457917 
 68 79 76 31 
 0.9809978939457917 
 116 127 124 31 
 0.9809978939457917 
 116 178 177 68 
 0.9809978939457917 
 72 80 76 32 
 0.9809978939457917 
 120 128 124 32 
 0.9809978939457917 
 120 183 182 72 
 0.9809978939457917 
 124 188 187 76 
 0.9809978939457917 
 37 40 39 35 
 0.9809978939457917 
 42 45 44 35 
 0.9809978939457917 
 42 48 47 37 
 0.9809978939457917 
 54 57 56 35 
 0.9809978939457917 
 54 60 59 37 
 0.9809978939457917 
 54 67 66 42 
 0.9809978939457917 
 129 133 131 35 
 0.9809978939457917 
 129 136 134 37 
 0.9809978939457917 
 129 143 141 42 
 0.9809978939457917 
 129 159 157 54 
 0.9809978939457917 
 44 51 50 39 
 0.9809978939457917 
 56 63 62 39 
 0.9809978939457917 
 56 70 69 44 
 0.9809978939457917 
 131 139 137 39 
 0.9809978939457917 
 131 146 144 44 
 0.9809978939457917 
 131 162 160 56 
 0.9809978939457917 
 47 52 50 40 
 0.9809978939457917 
 59 64 62 40 
 0.9809978939457917 
 59 74 73 47 
 0.9809978939457917 
 134 140 137 40 
 0.9809978939457917 
 134 150 148 47 
 0.9809978939457917 
 134 166 164 59 
 0.9809978939457917 
 62 78 77 50 
 0.9809978939457917 
 137 154 152 50 
 0.9809978939457917 
 137 170 168 62 
 0.9809978939457917 
 48 52 51 45 
 0.9809978939457917 
 66 71 69 45 
 0.9809978939457917 
 66 75 73 48 
 0.9809978939457917 
 141 147 144 45 
 0.9809978939457917 
 141 151 148 48 
 0.9809978939457917 
 141 175 173 66 
 0.9809978939457917 
 69 79 77 51 
 0.9809978939457917 
 144 155 152 51 
 0.9809978939457917 
 144 179 177 69 
 0.9809978939457917 
 73 80 77 52 
 0.9809978939457917 
 148 156 152 52 
 0.9809978939457917 
 148 184 182 73 
 0.9809978939457917 
 152 189 187 77 
 0.9809978939457917 
 60 64 63 57 
 0.9809978939457917 
 67 71 70 57 
 0.9809978939457917 
 67 75 74 60 
 0.9809978939457917 
 157 163 160 57 
 0.9809978939457917 
 157 167 164 60 
 0.9809978939457917 
 157 176 173 67 
 0.9809978939457917 
 70 79 78 63 
 0.9809978939457917 
 160 171 168 63 
 0.9809978939457917 
 160 180 177 70 
 0.9809978939457917 
 74 80 78 64 
 0.9809978939457917 
 164 172 168 64 
 0.9809978939457917 
 164 185 182 74 
 0.9809978939457917 
 168 190 187 78 
 0.9809978939457917 
 75 80 79 71 
 0.9809978939457917 
 173 181 177 71 
 0.9809978939457917 
 173 186 182 75 
 0.9809978939457917 
 177 191 187 79 
 0.9809978939457917 
 182 192 187 80 
 0.9809978939457917 
 85 88 87 83 
 0.9809978939457917 
 90 93 92 83 
 0.9809978939457917 
 90 96 95 85 
 0.9809978939457917 
 102 105 104 83 
 0.9809978939457917 
 102 108 107 85 
 0.9809978939457917 
 102 115 114 90 
 0.9809978939457917 
 130 133 132 83 
 0.9809978939457917 
 130 136 135 85 
 0.9809978939457917 
 130 143 142 90 
 0.9809978939457917 
 130 159 158 102 
 0.9809978939457917 
 92 99 98 87 
 0.9809978939457917 
 104 111 110 87 
 0.9809978939457917 
 104 118 117 92 
 0.9809978939457917 
 132 139 138 87 
 0.9809978939457917 
 132 146 145 92 
 0.9809978939457917 
 132 162 161 104 
 0.9809978939457917 
 95 100 98 88 
 0.9809978939457917 
 107 112 110 88 
 0.9809978939457917 
 107 122 121 95 
 0.9809978939457917 
 135 140 138 88 
 0.9809978939457917 
 135 150 149 95 
 0.9809978939457917 
 135 166 165 107 
 0.9809978939457917 
 110 126 125 98 
 0.9809978939457917 
 138 154 153 98 
 0.9809978939457917 
 138 170 169 110 
 0.9809978939457917 
 96 100 99 93 
 0.9809978939457917 
 114 119 117 93 
 0.9809978939457917 
 114 123 121 96 
 0.9809978939457917 
 142 147 145 93 
 0.9809978939457917 
 142 151 149 96 
 0.9809978939457917 
 142 175 174 114 
 0.9809978939457917 
 117 127 125 99 
 0.9809978939457917 
 145 155 153 99 
 0.9809978939457917 
 145 179 178 117 
 0.9809978939457917 
 121 128 125 100 
 0.9809978939457917 
 149 156 153 100 
 0.9809978939457917 
 149 184 183 121 
 0.9809978939457917 
 153 189 188 125 
 0.9809978939457917 
 108 112 111 105 
 0.9809978939457917 
 115 119 118 105 
 0.9809978939457917 
 115 123 122 108 
 0.9809978939457917 
 158 163 161 105 
 0.9809978939457917 
 158 167 165 108 
 0.9809978939457917 
 158 176 174 115 
 0.9809978939457917 
 118 127 126 111 
 0.9809978939457917 
 161 171 169 111 
 0.9809978939457917 
 161 180 178 118 
 0.9809978939457917 
 122 128 126 112 
 0.9809978939457917 
 165 172 169 112 
 0.9809978939457917 
 165 185 183 122 
 0.9809978939457917 
 169 190 188 126 
 0.9809978939457917 
 123 128 127 119 
 0.9809978939457917 
 174 181 178 119 
 0.9809978939457917 
 174 186 183 123 
 0.9809978939457917 
 178 191 188 127 
 0.9809978939457917 
 183 192 188 128 
 0.9809978939457917 
 136 140 139 133 
 0.9809978939457917 
 143 147 146 133 
 0.9809978939457917 
 143 151 150 136 
 0.9809978939457917 
 159 163 162 133 
 0.9809978939457917 
 159 167 166 136 
 0.9809978939457917 
 159 176 175 143 
 0.9809978939457917 
 146 155 154 139 
 0.9809978939457917 
 162 171 170 139 
 0.9809978939457917 
 162 180 179 146 
 0.9809978939457917 
 150 156 154 140 
 0.9809978939457917 
 166 172 170 140 
 0.9809978939457917 
 166 185 184 150 
 0.9809978939457917 
 170 190 189 154 
 0.9809978939457917 
 151 156 155 147 
 0.9809978939457917 
 175 181 179 147 
 0.9809978939457917 
 175 186 184 151 
 0.9809978939457917 
 179 191 189 155 
 0.9809978939457917 
 184 192 189 156 
 0.9809978939457917 
 167 172 171 163 
 0.9809978939457917 
 176 181 180 163 
 0.9809978939457917 
 176 186 185 167 
 0.9809978939457917 
 180 191 190 171 
 0.9809978939457917 
 185 192 190 172 
 0.9809978939457917 
 186 192 191 181 
 0.9809978939457917 
